-6.768044807095781046e+00
-5.003068537123486870e+00
-6.156004590787436115e+00
-8.541600106871058529e+00
-6.071220692675918684e+00
-8.267329433324377419e+00
-6.686460719928199126e+00
-6.608556111571146197e+00
-7.207985707547204690e+00
-6.319012475771632609e+00
-6.359445707681836701e+00
-6.969928831123541002e+00
-6.909304797170988444e+00
-7.306308809979561225e+00
-6.744315468672773761e+00
-6.824117573410452664e+00
-7.182877810887171144e+00
-6.833113886182029084e+00
-6.949522138161634111e+00
-6.633663678058102420e+00
-6.553257185126237339e+00
-6.938053020020515049e+00
-6.583155576588923807e+00
-5.409928436696583631e+00
-5.956549806096969490e+00
-6.311477613519043572e+00
-6.767705441234046937e+00
-3.820808658004345659e+00
-5.143001296335060424e+00
-5.218035534853266988e+00
-4.706191872749221794e+00
-4.302690157041575425e+00
-5.156053329903738991e+00
-4.529548658723308918e+00
-4.096119681263046708e+00
-4.840812399987801662e+00
-4.236665648175190313e+00
-4.213497018812946138e+00
-3.912681239827310531e+00
-4.051927601453725103e+00
-4.057404453052313897e+00
-4.164682956508769962e+00
-4.420213179064640840e+00
-3.793193236495989940e+00
-4.466785140149911904e+00
-4.906367062474950913e+00
-4.918417938483705676e+00
-5.369651594003729045e+00
-5.560520516477616582e+00
-1.967236147387859235e+00
-6.241716992157241961e+00
-5.094870726986370890e+00
-5.504266441573073543e+00
-5.553177574307761155e+00
-4.623719346976552735e+00
-4.327058363061047963e+00
-2.529985085516873511e+00
-4.041467096436086592e+00
-2.896911022134388336e+00
-2.270810940952828538e+00
-5.057119282044704178e+00
-4.102736484835321384e+00
-4.753213171043145557e+00
-1.687592932400202361e+00
-5.453208404054810998e+00
-5.248815668958321190e+00
-5.414627503825069077e+00
-5.707520081023790937e+00
-5.347212409667911004e+00
-4.985807438805741620e-01
-2.432731234904311979e+00
-3.289623532470409284e+00
-1.949430002602856815e+00
-4.072537739041750982e+00
-3.255064487478330548e+00
-2.607677035805751053e+00
-5.179895304805014256e+00
-3.190297636346289156e+00
-4.791120384610677796e+00
-4.537966756575054994e+00
