-5.134043891965339057e+00
-6.321530534083553476e+00
-5.824443622944648347e+00
-5.734490317006462057e+00
-7.621374261257015448e+00
-7.418369898114161920e+00
-6.320031181933744691e+00
-5.366034013767653654e+00
-5.763988937324876716e+00
-5.918484942809473459e+00
-5.710703953050957793e+00
-5.219920611371071217e+00
-4.637812911036254704e+00
-4.829947318527708866e+00
-4.417517227372431243e+00
-4.152782675456259120e+00
-5.160162901431585070e+00
-4.809895327281096478e+00
-4.155142112497691720e+00
-4.802545422978222511e+00
-3.180782470579256227e+00
-5.432204332723528317e+00
-4.611536506774331023e+00
-5.102797995806313658e+00
-5.430227886114304070e+00
-3.276419548943295901e+00
-5.327647803614885547e+00
-2.539009750372361207e+00
-2.751515793225232098e+00
-2.187566978716895871e+00
-2.204174771994317883e+00
-5.236189044456661001e+00
-2.920728970366682109e+00
-5.774440799848975736e+00
-4.918039464389159399e+00
-5.109271347875318225e-01
-3.000452575109039177e+00
-5.917404308792245438e+00
-5.347679836057688263e+00
-1.534453532210465987e+00
-7.313066386344547753e-01
-5.879844577766681901e+00
-5.700975544781723414e+00
-2.483907357755177903e-01
-1.433225023127782771e+00
-1.204847072812408548e+00
-1.008965615752471345e+00
-5.213917943728064053e+00
-4.406291892229917906e+00
-5.362660991303449087e+00
-3.503830426311066670e+00
-3.418425831728085118e+00
-1.768616107307886320e+00
-4.867382326337026832e+00
-4.620254033878830491e+00
-1.999828821309818094e+00
-2.658241507228257916e+00
-1.017319545311755391e+00
-1.202253026781367584e+00
-2.233516673975505906e+00
-2.033059025502179651e+00
-2.716335805509885848e+00
-5.012560594809790437e+00
-2.354622664633774232e+00
-1.460235147780504672e+00
-3.610363656227570051e+00
-3.916724620218836606e+00
-2.597585690414080384e-01
-2.297526791897424925e+00
-3.593498605652914790e+00
-2.015152149369510148e+00
-4.773913409867505564e+00
-5.055076760455051721e-01
-2.625864029135533073e+00
-9.569536751812136588e-01
-9.676776292625286491e-01
-5.347082962561708008e+00
-2.576563939390571267e+00
-2.811107402751793938e+00
-2.156482795305965539e+00
