-5.306259482473126177e+00
-8.692411184723434658e+00
-4.846088079134164950e+00
-8.734921545150127642e+00
-5.900746203132343659e+00
-7.272959944844680891e+00
-6.902483483725493585e+00
-8.258409818785819922e+00
-8.742640264987322496e+00
-6.997511114114614905e+00
-6.880447595572704245e+00
-5.868756995331304793e+00
-6.807617470183298991e+00
-6.516319968314910227e+00
-6.375925471079877838e+00
-7.479742950300732218e+00
-7.080856252892621328e+00
-6.462197551403231266e+00
-6.383268712339133621e+00
-6.675334932476453709e+00
-6.068635399013383669e+00
-6.964061541212585915e+00
-6.709196013387805024e+00
-6.723535360163321428e+00
-7.651638251395356249e+00
-7.120609542031137273e+00
-6.488657685619091176e+00
-7.142395472477661045e+00
-6.638451358982512929e+00
-6.047743223744028285e+00
-6.551097097588042928e+00
-6.955645681023761462e+00
-5.828239344078204098e+00
-6.070134150487128899e+00
-5.637471307706180212e+00
-5.149799521810340508e+00
-4.573754713839267794e+00
-4.975912396782781855e+00
-5.388600364998601400e+00
-4.206036594167543718e+00
-5.600427591289984797e+00
-4.671569300997018281e+00
-4.411628706170367842e+00
-5.258092692323704576e+00
-6.062990782147111624e+00
-5.486370915633792755e+00
-3.284159362590840736e+00
-4.585852441312824546e+00
-5.541168544410648877e+00
-4.742363387893354876e+00
-4.622397836722266007e+00
-6.232576313580022287e+00
-4.365786232931091249e+00
-3.899370060109416780e+00
-4.980985831347437554e+00
-5.825190143070117621e+00
-5.109291687882314470e+00
-3.294919916408261429e+00
-4.960233040730901877e+00
-6.042834892728827789e+00
-6.400931126507279245e+00
-5.735456270988616545e+00
-5.157558759438638063e+00
-2.080830734155721728e+00
-5.784370405020023753e+00
-5.127227406510048269e+00
-4.591515750357859638e+00
-5.724227085006758031e+00
-6.057999239927787549e+00
-5.711264465756205944e+00
-5.308619734148439129e+00
-5.864756532178359905e+00
-5.978548504521628892e+00
-5.581875521212567470e+00
-6.398767709780919688e+00
-5.833199404134586707e+00
-5.631197445193588891e+00
-6.365684627975319643e+00
-6.410952317258892919e+00
-5.069689413288879898e+00
