-7.680857303189445595e+00
-6.477769478220998245e+00
-5.699496407491537298e+00
-5.157561281474958292e+00
-5.376890695963735922e+00
-7.242203019013444099e+00
-6.517907825677881739e+00
-7.418064633329120916e+00
-5.771829297310342888e+00
-5.598878548580358938e+00
-5.161111019713213288e+00
-5.354341260117535306e+00
-5.007949692323133917e+00
-5.002665291444659879e+00
-5.180224850742785492e+00
-3.940857980364209645e+00
-4.522781809305983280e+00
-4.506934880490276463e+00
-4.323505243069387660e+00
-4.645281835938461334e+00
-4.622469444379031067e+00
-4.388641607170116643e+00
-3.989905013670098644e+00
-3.450550610201665425e+00
-3.980707671029297234e+00
-3.666540765962156723e+00
-4.269518145388316199e+00
-3.571348490694936206e+00
-4.799761955877368536e+00
-4.235781924311397439e+00
-2.492052291252323304e+00
-5.077132382779789843e+00
-5.471675420661386902e+00
-5.236420438010293665e+00
-2.982982926070468110e+00
-3.753609312694345945e+00
-2.720934056673702361e+00
-3.631969699891131054e+00
-5.426634817857624249e+00
-5.237968732121971449e+00
-3.555585611690852410e+00
-3.390423181943588826e+00
-2.627914702688715298e+00
-5.067822882696722431e+00
-3.236118879644247048e+00
-4.457011084507825238e+00
-1.700063253848818290e+00
-4.300483287458885862e+00
-5.246997021608209799e+00
-3.822145961101883760e+00
-3.203076218146046816e+00
-3.789985869791393291e+00
-4.687931993932055619e+00
-4.310036017847417966e+00
-4.291117068616665975e+00
-2.986909466546242786e+00
-1.935693092533231852e+00
-3.991063753368691902e+00
-3.665210099657017384e+00
-5.593556781786825027e+00
-5.984616638815134060e+00
-5.859123215498470039e+00
-8.472594277295682375e+00
-1.735375589281553221e+00
-7.569730742264415557e-01
-2.066528210064988880e+00
-4.819854028193523376e+00
-4.066246210646824011e+00
-3.844645965176572311e+00
-4.308397957313293780e+00
-4.781155263432437685e+00
-3.195601224502030213e+00
-3.197701906566459140e+00
-6.045393930338956778e+00
-6.419518505054026214e+00
-5.992554929738358460e+00
-6.278183272220243971e+00
-5.809740758059812826e+00
-4.592618022942165368e+00
-4.057668016040107517e+00
