-7.664782650642103512e+00
-7.653055083614823673e+00
-5.585566456067025953e+00
-7.984524507565375906e+00
-5.980545121431152467e+00
-7.703643891127993193e+00
-7.789400603675304069e+00
-8.288327783995821818e+00
-7.929486656728302663e+00
-8.027791813718419434e+00
-6.014974739980252672e+00
-4.803548253550385283e+00
-4.737237664963746653e+00
-5.566171276940244717e+00
-6.480012939212209666e+00
-6.728133650799166254e+00
-6.954295401903705098e+00
-7.041453283408551478e+00
-5.878586485813948492e+00
-9.070482775671514730e+00
-5.201226966667708673e+00
-6.258029351066780599e+00
-5.446597067676751003e+00
-8.285877634208540954e+00
-7.181802450646398661e+00
-6.202309799972571369e+00
-6.396721526103714695e+00
-5.520974895746209476e+00
-6.043857692717182317e+00
-5.932884759357835769e+00
-4.315142471828723458e+00
-5.852174585706419130e+00
-6.052864063134615336e+00
-5.488038154935523494e+00
-4.857715720859043351e+00
-6.258444400689551657e+00
-6.160977435974503535e+00
-5.710473925809933959e+00
-5.471193984829161749e+00
-5.008958663811243994e+00
-3.827864720051126213e+00
-5.141261553202975065e+00
-5.412385052234605531e+00
-4.939545491754286921e+00
-4.233488518114851828e+00
-4.332854132605290509e+00
-3.810152826075481780e+00
-4.639237836376849167e+00
-4.766099533707755853e+00
-4.057976013722042197e+00
-5.889680478711089684e+00
-3.056532945766911702e+00
-5.041275620960282922e+00
-4.348248775579260261e+00
-4.424791112528885684e+00
-5.381232307321288211e+00
-5.069581264378316021e+00
-3.914946487523514485e+00
-4.497760421691472388e+00
-5.160360842562097261e+00
-4.256210332099336746e+00
-4.415435853685584888e+00
-3.482834499697812447e+00
-4.699317209966681119e+00
-9.808422149721210959e-01
-4.795594496359336212e+00
-4.876600834936603235e+00
-4.245684811680398241e+00
-3.340706089444508198e+00
-2.491882933036460301e-01
-5.857809236027728517e+00
-5.730715866032461747e+00
-4.857274275810948616e+00
-5.626662594758773395e+00
-5.352643913338600790e+00
-5.363860098658934206e+00
-4.235834078537719094e+00
-2.795539765695230106e+00
-4.054305797604112804e+00
-1.884808129452654857e+00
