-4.868525248765945612e+00
-8.540816229820251237e+00
-8.854213187217712999e+00
-8.670213424682616576e+00
-6.344705678269266791e+00
-5.522219201564788627e+00
-4.560070230882614872e+00
-3.677098916895687797e+00
-3.132472842471674124e+00
-1.790471777030034017e+00
-1.770558609150262752e+00
-5.106498805623268522e-01
-2.621504355561628530e-01
-1.001483610508876153e-02
-2.613324036700505615e-01
-2.556371453462343291e-01
-2.574530942124110822e-01
-2.553287963428010898e-01
-1.220820140482253846e+00
-2.549998108508152450e-01
-2.558995067203431728e-01
-8.156340817815361799e-01
-2.462931497842127948e-01
-2.455185534654228952e-01
-2.502884318538126651e-01
-2.596481827668613018e-01
-4.846198449458424817e-01
-2.465887456992932047e-01
-8.772188303395524189e-03
-7.755905688798520395e-03
-7.988177303748671132e-03
-2.591068226203788183e-01
-2.560273123783990967e-01
-2.485119586276414438e-01
-2.483476411191513633e-01
-2.510749933086335872e-01
-4.541460130542837037e-01
-5.275746029569636786e-01
-4.583569844485027578e-01
-4.768463060171343471e-01
-4.988946305826539307e-01
-2.227565520763164289e-02
-2.525756269863341230e-01
-5.043125503512273511e-01
-6.525374803200829632e-01
-5.080456413525389348e-01
-2.421125406956998738e-01
-2.479966608769027525e-01
-5.008194849292194606e-01
-7.098916257587261081e-01
-1.713924971484812043e-02
-6.925524684569245304e-01
-4.771423568511672930e-01
-1.867801738111302123e-02
-7.262159051936468712e-01
-2.579098813754390207e-01
-2.620270065221702582e-01
-2.506181634357199095e-01
-2.644383240294991833e-01
-2.398291811282979302e-01
-2.666418575512361500e-01
-4.972164429344848036e-01
-2.644396053927484669e-01
-1.951761473773512903e-02
-7.283056219047866486e-01
-4.811881178252515601e-01
-4.995843254309729753e-01
-4.731147714736871346e-01
-4.968883811365231162e-01
-2.580216523839626297e-01
-2.619703649149450753e-01
-4.651910156583471956e-01
-2.624471417641034421e-01
-7.188050987385213864e-01
-2.630041945223638433e-01
-2.625006350834155344e-01
-2.615759638419258293e-01
-4.846401825610228142e-01
-2.691795219352352553e-01
-2.549820475989253987e-01
